C:\Users\spide\Desktop\roof\IMG_1112.JPG
4032 3024

4 0 1511.5 
0 4 2015.5 
0 0 1 

0.999539 -0.0269393 0.0140184 
0.0269367 0.999637 0.000377778 
-0.0140235 -9.854e-009 0.999902 

767.563

C:\Users\spide\Desktop\roof\IMG_1113.JPG
4032 3024

4 0 1511.5 
0 4 2015.5 
0 0 1 

0.9996 -0.0227312 0.0168516 
0.026901 0.948112 -0.316796 
-0.00877605 0.317122 0.948344 

770.307

C:\Users\spide\Desktop\roof\IMG_1114.JPG
4032 3024

4 0 1511.5 
0 4 2015.5 
0 0 1 

0.999724 -0.00815976 0.0220255 
0.020372 0.767972 -0.64016 
-0.0116915 0.640432 0.767926 

774.173

C:\Users\spide\Desktop\roof\IMG_1115.JPG
4032 3024

4 0 1511.5 
0 4 2015.5 
0 0 1 

0.999699 0.0035886 0.0242537 
0.0200435 0.45009 -0.892758 
-0.0141201 0.892976 0.449883 

772.76

C:\Users\spide\Desktop\roof\IMG_1116.JPG
4032 3024

4 0 1511.5 
0 4 2015.5 
0 0 1 

0.999564 0.0119412 0.0269978 
0.0247827 0.157485 -0.98721 
-0.0160402 0.987449 0.15712 

769.832

C:\Users\spide\Desktop\roof\IMG_1117.JPG
4032 3024

4 0 1511.5 
0 4 2015.5 
0 0 1 

0.999535 0.0190439 0.0238053 
0.0257041 -0.106619 -0.993968 
-0.016391 0.994117 -0.107059 

768.096

C:\Users\spide\Desktop\roof\IMG_1118.JPG
4032 3024

4 0 1511.5 
0 4 2015.5 
0 0 1 

0.999412 0.0286255 0.0188506 
0.029719 -0.449752 -0.892659 
-0.0170748 0.892695 -0.450338 

767.495

C:\Users\spide\Desktop\roof\IMG_1119.JPG
4032 3024

4 0 1511.5 
0 4 2015.5 
0 0 1 

0.999362 0.0336509 0.0120064 
0.0310971 -0.65376 -0.756063 
-0.017593 0.755953 -0.654389 

769.075

C:\Users\spide\Desktop\roof\IMG_1120.JPG
4032 3024

4 0 1511.5 
0 4 2015.5 
0 0 1 

0.999372 0.0354476 -0.000392829 
0.0318643 -0.903094 -0.428259 
-0.0155356 0.427978 -0.903656 

765.956

C:\Users\spide\Desktop\roof\IMG_1121.JPG
4032 3024

4 0 1511.5 
0 4 2015.5 
0 0 1 

0.999436 0.031175 -0.0125038 
0.0304629 -0.998098 -0.0535869 
-0.0141506 0.0531757 -0.998485 

765.647

C:\Users\spide\Desktop\roof\IMG_1122.JPG
4032 3024

4 0 1511.5 
0 4 2015.5 
0 0 1 

0.999419 0.0261225 -0.0219151 
0.0293936 -0.985784 0.165426 
-0.0172823 -0.165974 -0.985978 

764.268

C:\Users\spide\Desktop\roof\IMG_1123.JPG
4032 3024

4 0 1511.5 
0 4 2015.5 
0 0 1 

0.99936 0.015458 -0.0322547 
0.0297409 -0.860089 0.509276 
-0.0198696 -0.50991 -0.859998 

765.39

C:\Users\spide\Desktop\roof\IMG_1124.JPG
4032 3024

4 0 1511.5 
0 4 2015.5 
0 0 1 

0.999437 0.00702328 -0.0328261 
0.0286934 -0.686273 0.726778 
-0.0174234 -0.727311 -0.686087 

766.341

C:\Users\spide\Desktop\roof\IMG_1125.JPG
4032 3024

4 0 1511.5 
0 4 2015.5 
0 0 1 

0.999544 -0.00852973 -0.0289642 
0.0254342 -0.279113 0.959921 
-0.0162721 -0.96022 -0.278768 

768.059

C:\Users\spide\Desktop\roof\IMG_1126.JPG
4032 3024

4 0 1511.5 
0 4 2015.5 
0 0 1 

0.999551 -0.0177884 -0.0240845 
0.0249626 0.0509177 0.998391 
-0.0165335 -0.998544 0.0513391 

763.665

C:\Users\spide\Desktop\roof\IMG_1127.JPG
4032 3024

4 0 1511.5 
0 4 2015.5 
0 0 1 

0.99952 -0.0265031 -0.0160262 
0.0233032 0.302691 0.952803 
-0.0204012 -0.95272 0.303164 

760.167

C:\Users\spide\Desktop\roof\IMG_1128.JPG
4032 3024

4 0 1511.5 
0 4 2015.5 
0 0 1 

0.999505 -0.0311377 -0.00451086 
0.0234075 0.640125 0.767914 
-0.0210236 -0.76764 0.640537 

756.314

C:\Users\spide\Desktop\roof\IMG_1129.JPG
4032 3024

4 0 1511.5 
0 4 2015.5 
0 0 1 

0.999464 -0.0317004 0.00821631 
0.0233868 0.866561 0.498522 
-0.0229233 -0.498063 0.866838 

756.688

C:\Users\spide\Desktop\roof\IMG_1130.JPG
4032 3024

4 0 1511.5 
0 4 2015.5 
0 0 1 

0.999289 -0.0323923 0.0193102 
0.0261177 0.963831 0.265229 
-0.0272032 -0.264536 0.963992 

759.801

C:\Users\spide\Desktop\roof\IMG_1111.JPG
4032 3024

4 0 1511.5 
0 4 2015.5 
0 0 1 

0.999499 -0.0303733 0.00892517 
0.02784 0.977532 0.208939 
-0.0150708 -0.208586 0.977888 

762.116

